

the algo that i will use :

- if the size of the stack is bigger or equal 20 {
    - you need to divide the stack to small chunks..
    - start looking for numbers of the first chunk
    - try to shift that number to the top of the stack 
    - use either ra or rra that's depends on the spot of that number
    - if the spot of that number is less than the middle of size of stack use ra
        else use rra.....
    - when u shift that number to the top u need to push it to
        B but check first if that number is bigger or smaller than all number in By
    - when you move all the numbers of the first chunk to B
        work on the second chunk an so on....
    
}


nums :                  sorted :
    12                         -10
    4                           -1
    5                           4

    -1                          5
    22                          10
    15                          11

    16                          12
    10                          15
    -10                         16

    11                          22
    33                          23
    23                          33

ARG="4 67 3 87 23"; ./push_swap $ARG | ./checker_OS $ARG
ARG="4 67 3 87 23"; ./push_swap $ARG | wc -l
    
    47933 66228 69021 72663 83416 87871 89634 91098 112013 128613 129172 144808 151383 162682 174071 176254 188523 194803 195787 208175 208352 220731 263758 264150 284625 297166 319652 326653 345203 345855 347769 7 462456 470068 488271 496055 510373 515426 517275 523163 525651 534934 543287 549043 554977 558247 560086 562031 575696 577280 579360 580012 593885 596171 596274 627173 633358 633497 641260 649208 657750 673448 673597 681284 683550 699665 704055 719195 720992 726996 748110 750960 758647 760993 771064 772959 774103 781174 789248 791954 799849 806790 818826 838960 845767 858193 861469 874825 875838 882461 886502 887132 891798 893198 911789 929217 945367 954148 954737 959825 974779 981118 992256 998362 1010111 1020174 1039086 1040655 1045316 1045329 1057008 1068949 1081210 1082603 1089941 1093541 1095793 1100278 1105240 1108183 1110586 1116193 1132405 1134735 1138641 1164290 1175061 1178679 1185462 1260091 1265295 1278801 1306570 1308978 1311877 1313950 1323100 1330789 1337225 1341831 1346779 1347535 365611 378452 382417 386381 397236 397564 403 661 40563 8 42 5907 431380 445 29 1348513 1362282 1366530 1375509 1401893 1421776 1422207 1437574 1474101 1488358 1491025 1499754 1505488 1514474 1524182 1529382 1536268 1557642 1558156 1571898 1573697 1580209 1596587 1599807 1609479 1622045 1656087 1656597 1656726 1658691 1665690 1671971 1679335 1682223 1685152 1720988 1729652 1744198 1751120 1755315 1760229 1766544 1768280 1782199 1787350 1794869 1797688 1809030 1813105 1827803 1834911 1847376 1855093 1855430 1886851 1903553 1904157 1915030 1915402 1925539 1942765 1975685 1977673 1981135 1989674 1991105 2004201 2005466 2017861 2020492 2026327 2031001 2049069 2055094 2059879 2070852 2077673 2085325 2091594 2099244 2117223 2118039 2119088 2127914 2138682 2142253 2148572 2172878 2175539 2183313 2185914 2198188 2202233 2220131 2229805 2231322 2240262 2247977 2259609 2271742 2274647 2286667 2319959 2327979 2330138 2330221 2334439 2337662 2360683 2367474 2374697 2379370 2385404 2401704 2412425 2420329 2425646 2447274 2450621 2460963 2471700 2473153 2476770 2479169 2490898 2495356 2506169 2513608 2514220 2520922 2532930 2549064 2561086 2574299 2580510 2583957 2587851 2601887 2605800 2608513 2611067 2627413 2633530 2636608 2640054 2649153 2651635 2657342 2662531 2666723 2684056 2718686 2731152 2732371 2735856 2747347 2780460 2789195 2810219 2811600 2814651 2823856 2843624 2844566 2849277 2856140 2860770 2874274 2877957 2892116 2894170 2903782 2905155 2910356 2481 12604 13551 15936 32960 34082 2919188 2934698 2934780 2937758 2941580 2953055 2966617 2973954 2977360 2985643 2992391 2995569 3000431 3325250 3344657 3352318 3390480 3007319 3012817 3028513 3030096 3046426 3048478 3060673 3066142 3073095 3089985 3090364 3116747 3117450 3120308 3125185 3141149 3142157 3155484 3173460 3178790 3184942 3186270 3190969 3193810 3193915 3197756 3203602 3204396 3206170 3227859 3245505 3258612 3259484 3271179 3276485 3277705 3280259 3281261 3281648 3317071 , 3392690, 3395532, 3404025, 3407036, 3409287, 3435369, 3445235, 3449975, 3478397, 3493628, 3505910, 3523316, 3525364, 3531214, 3545042, 3550467, 3552183, 3555538, 3559066, 3572432, 3582571, 3586102, 3600823, 3606799, 3614218, 3614549, 3617253, 3623518, 3631131, 3637418, 3646416, 3656479, 3664479, 3666751, 3670884, 3688800, 3689748, 3690114, 3703118, 3724351, 3730343, 3741914, 3750086, 3752245, 3754269, 3755041, 3769198, 3771129, 3775320, 3776462, 3790176, 3792303, 3799031, 3800939, 3808412, 3809710, 3817003, 3819631, 3830768, 3835817, 3838567, 3839360, 3864479, 3883398, 3897235, 3904567, 3911648, 3920066, 3936362, 3946071, 3971477, 3982728, 3988045, 4014442, 4024976, 4033224, 4044456, 4052123, 4076599, 4078983, 4081086, 4085486, 4088043, 4093144, 4118959, 4122265, 4131489, 4139353, 4145033, 4155279, 4163815, 4166875, 4169202, 4190860, 4194659, 4199574, 4208776, 4209828, 4216047, 4225054, 4247497, 4251647, 4251891, 4272453, 4307718, 4334812, 4341188, 4350002, 4359911, 4383193, 4388302, 4394940, 4397629, 4419409, 4428238, 4435428, 4446787, 4447283, 4447627, 4453031, 4453902, 4495155, 4511854, 4520512, 4524354, 4526892, 4533131, 4540982, 4541043, 4545639, 4565214, 4567014, 4574833, 4579760, 4585799, 4598348, 4598854, 4605878, 4618663, 4634075, 4636611, 4638882, 4642067, 4653965, 4654071, 4657541, 4678863, 4689395, 4691999, 4708601, 4711928, 4720566, 4720679, 4724286, 4737543, 4741360, 4743052, 4749578, 4786404, 4792101, 4794576, 4819955, 4849913, 4852240, 4871104, 4872788, 4874404, 4887806, 4893024, 4900350, 4916403, 4917716, 4928242, 4931558, 4942596, 4952200, 4994757, 5022420, 5024575, 5026653, 5045787, 5062808, 5062981, 5075077, 5095450, 5101198, 5108468, 5116860, 5120206, 5127478, 5141544, 5160456, 5165123, 5167344, 5184603, 5193287, 5202630, 5219237, 5239981, 5245957, 5248997, 5249996, 5255856, 5268034, 5274756, 5281087, 5283933, 5305799, 5341972, 5344971, 5345868, 5346689, 5346988, 5355771, 5359240, 5360885, 5373015, 5375146, 5380857, 5384665, 5399225, 5399549, 5405089, 5414441, 5427152, 5431522, 5436666, 5440106, 5442309, 5445767, 5447794, 5461864, 5470284, 5491415, 5494089, 5496408, 5501539, 5512213, 5516753, 5528521, 5535708, 5543698, 5558238, 5565630, 5569686, 5587981, 5589335, 5620652, 5622108, 5676327, 5680003, 5713272, 5732411, 5748812, 5757936, 5763755, 5775322, 5783462, 5784763, 5790572, 5801873, 5804304, 5815739, 5817084, 5822865, 5824695, 5825056, 5847685, 5849383, 5857739, 5862270, 5865096, 5868661, 5890716, 5891108, 5901247, 5905533, 5908099, 5920487, 5922051, 5927700, 5931359, 5940096, 5945102, 5990608, 6001248, 6007760, 6040550, 6040724, 6044754, 6045187, 6055877, 6069541, 6076626, 6076988, 6078447, 6102433, 6111416, 6127372, 6134549, 6134856, 6139997, 6142576, 6143821, 6157712, 6165073, 6181998, 6195257, 6196217, 6222389, 6225022, 6228914, 6243991, 6246061, 6253914, 6269751, 6277992, 6282681, 6284148, 6323562, 6340358, 6364512, 6395488, 6398373, 6402401, 6424129, 6425810, 6435694, 6439093, 6449786, 6454609, 6454954, 6463850, 6463939, 6468775, 6475354, 6476185, 6489729, 6492280, 6493877, 6496350, 6504706, 6514995, 6518010, 6525016, 6528859, 6547550, 6574074, 6576380, 6578371, 6591146, 6598248, 6608859, 6609409, 6611183, 6622419, 6624830, 6638522, 6645996, 6668417, 6676244, 6683822, 6686765, 6692774, 6701007, 6703720, 6731639, 6732704, 6776971, 6782964, 6797841, 6797877, 6807790, 6813894, 6823009, 6828670, 6831453, 6837619, 6843593, 6843937, 6845431, 6847640, 6853512, 6858366, 6864672, 6875668, 6878830, 6889843, 6903526, 6918709, 6937406, 6937941, 6944851, 6947446, 6959355, 6961017, 6972357, 6980143, 6987499, 6988190, 6988210, 7012192, 7019450, 7027008, 7029575, 7032751, 7057175, 7059801, 7067972, 7079540, 7083021, 7083894, 7086209, 7105094, 7106298, 7107224, 7112601, 7126148, 7127222, 7127501, 7148559, 7168782, 7170863, 7184705, 7199694, 7206928, 7224632, 7233142, 7250645, 7267429, 7275850, 7298874, 7301476, 7318667, 7320025, 7324005, 7324107, 7330810, 7351374, 7352851, 7394476, 7395295, 7422688, 7436542, 7440360, 7446759, 7451974, 7456409, 7475801, 7477954, 7486596, 7491431, 7496374, 7498366, 7532758, 7535830, 7535989, 7538013, 7565917, 7569570, 7575450, 7578243, 7591708, 7598808, 7604638, 7609556, 7611687, 7619057, 7619889, 7631667, 7632588, 7647610, 7652959, 7657830, 7669617, 7692314, 7695089, 7698244, 7699477, 7708146, 7710963, 7724223, 7733265, 7754854, 7772984, 7773155, 7776662, 7784745, 7787430, 7791700, 7802495, 7805743, 7818968, 7820401, 7825957, 7845949, 7897967, 7911375, 7911689, 7912447, 7913168, 7917332, 7942012, 7954907, 7959969, 7965037, 7972030, 7974800, 7978152, 7978582, 8010407, 8015969, 8016121, 8018690, 8023026, 8023375, 8032402, 8035794, 8048625, 8049571, 8078958, 8079639, 8099449, 8108572, 8113292, 8126453, 8129284, 8132810, 8134842, 8135469, 8135875, 8138228, 8139429, 8144964, 8170696, 8175286, 8180048, 8197580, 8197784, 8202109, 8202137, 8208683, 8226065, 8232344, 8240000, 8240277, 8243219, 8261062, 8262114, 8263817, 8265437, 8279840, 8284096, 8285660, 8290242, 8304209, 8326981, 8334872, 8347606, 8381491, 8406149, 8407112, 8412537, 8418715, 8428667, 8438713, 8441586, 8442048, 8442625, 8462927, 8473135, 8478944, 8484854, 8497607, 8504788, 8505277, 8515216, 8533376, 8534795, 8543290, 8550119, 8556199, 8567302, 8569710, 8592306, 8596554, 8610755, 8623227, 8637078, 8637994, 8640708, 8644704, 8651009, 8656561, 8663436, 8667722, 8667865, 8671169, 8671966, 8682837, 8699341, 8710215, 8716390, 8724394, 8726278, 8740648, 8746511, 8753186, 8763055, 8788129, 8810290, 8818064, 8827113, 8833563, 8838743, 8842183, 8842220, 8842776, 8894504, 8907946, 8931448, 8932078, 8939636, 8941630, 8944023, 8968581, 8983622, 8986389, 9010508, 9024301, 9025871, 9026308, 9026348, 9034594, 9043467, 9046875, 9052653, 9053314, 9054051, 9097009, 9108195, 9127415, 9149698, 9161346, 9163595, 9174048, 9178457, 9179976, 9185526, 9188649, 9188780, 9200028, 9207120, 9211030, 9224613, 9224615, 9225771, 9229780, 9237309, 9243464, 9256690, 9262448, 9265185, 9272666, 9275281, 9352433, 9360244, 9395618, 9412387, 9414339, 9415240, 9415401, 9419175, 9440385, 9447307, 9452104, 9452939, 9453234, 9464313, 9486692, 9492816, 9499656, 9500504, 9501869, 9533658, 9553353, 9555850, 9558236, 9561923, 9564457, 9569445, 9573732, 9582766, 9599129, 9610218, 9629049, 9631859, 9636052, 9636446, 9643840, 9649123, 9661698, 9701258, 9707597, 9710571, 9717661, 9722213, 9723435, 9733838, 9761917, 9787898, 9793808, 9856075, 9885499, 9887284, 9891481, 9903673, 9919255, 9928978, 9935462, 9976750, 9977179

